{
  "camera_angle_x": 1.5707963267948966,
  "frames": [
    {
      "file_path": "images/0000.png",
      "transform_matrix": [
        [
          1.0,
          0.0,
          -0.0,
          0.0
        ],
        [
          -0.0,
          1.2167964475066282e-08,
          0.9999999999999999,
          40.0
        ],
        [
          0.0,
          -0.9999999999999999,
          1.2246467991473532e-16,
          -0.0
        ],
        [
          0,
          0,
          0,
          1
        ]
      ],
      "camera_index": 0
    },
    {
      "file_path": "images/0001.png",
      "transform_matrix": [
        [
          -1.0,
          9.837396643402856e-17,
          -4.1885387376769887e-17,
          0.0
        ],
        [
          -7.821416942463886e-09,
          0.3420201522188935,
          0.9396926207859084,
          37.587704831436334
        ],
        [
          2.8467631453572556e-09,
          0.9396926175490392,
          -0.3420201433256685,
          -13.680805733026748
        ],
        [
          0,
          0,
          0,
          1
        ]
      ],
      "camera_index": 1
    },
    {
      "file_path": "images/0002.png",
      "transform_matrix": [
        [
          -0.8660254025982873,
          -0.4698463087745195,
          0.17101007166283422,
          6.840402866513373
        ],
        [
          6.517847491435187e-09,
          0.3420201522188935,
          0.9396926207859084,
          37.587704831436334
        ],
        [
          -0.5000000020544741,
          0.8137976785461628,
          -0.2961981327260237,
          -11.847925309040955
        ],
        [
          0,
          0,
          0,
          1
        ]
      ],
      "camera_index": 2
    },
    {
      "file_path": "images/0003.png",
      "transform_matrix": [
        [
          -0.4999999983564206,
          -0.8137976785461627,
          0.2961981327260236,
          11.847925309040953
        ],
        [
          5.214277883029743e-09,
          0.3420201522188935,
          0.9396926207859084,
          37.587704831436334
        ],
        [
          -0.8660254047333595,
          0.4698463087745196,
          -0.17101007166283427,
          -6.840402866513375
        ],
        [
          0,
          0,
          0,
          1
        ]
      ],
      "camera_index": 3
    },
    {
      "file_path": "images/0004.png",
      "transform_matrix": [
        [
          1.4233814926348233e-09,
          -0.939692617549039,
          0.34202014332566844,
          13.680805733026748
        ],
        [
          3.9107084195478776e-09,
          0.3420201522188935,
          0.9396926207859084,
          37.587704831436334
        ],
        [
          -0.9999999999999998,
          8.352596855958331e-18,
          4.1885387376769887e-17,
          -8.377077475353983e-16
        ],
        [
          0,
          0,
          0,
          1
        ]
      ],
      "camera_index": 4
    },
    {
      "file_path": "images/0005.png",
      "transform_matrix": [
        [
          0.5000000008217894,
          -0.8137976785461628,
          0.2961981327260237,
          11.847925309040955
        ],
        [
          2.6071389320219054e-09,
          0.34202015221889354,
          0.9396926207859084,
          37.587704831436334
        ],
        [
          -0.8660254033099782,
          -0.4698463087745194,
          0.17101007166283408,
          6.8404028665133705
        ],
        [
          0,
          0,
          0,
          1
        ]
      ],
      "camera_index": 5
    },
    {
      "file_path": "images/0006.png",
      "transform_matrix": [
        [
          0.8660254040216687,
          -0.4698463087745194,
          0.17101007166283416,
          6.840402866513373
        ],
        [
          1.3035694755039183e-09,
          0.3420201522188935,
          0.9396926207859084,
          37.587704831436334
        ],
        [
          -0.4999999995891049,
          -0.8137976785461626,
          0.2961981327260237,
          11.847925309040955
        ],
        [
          0,
          0,
          0,
          1
        ]
      ],
      "camera_index": 6
    },
    {
      "file_path": "images/0007.png",
      "transform_matrix": [
        [
          0.9999999999999999,
          -1.1507915562638287e-16,
          4.1885387376769887e-17,
          1.6754154950707967e-15
        ],
        [
          3.048922680957727e-25,
          0.3420201522188935,
          0.9396926207859084,
          37.587704831436334
        ],
        [
          -1.2246467980376357e-16,
          -0.9396926175490391,
          0.3420201433256685,
          13.680805733026748
        ],
        [
          0,
          0,
          0,
          1
        ]
      ],
      "camera_index": 7
    },
    {
      "file_path": "images/0008.png",
      "transform_matrix": [
        [
          0.8660254040216687,
          0.4698463087745196,
          -0.17101007166283425,
          -6.840402866513375
        ],
        [
          -1.303569494489851e-09,
          0.3420201522188935,
          0.9396926207859084,
          37.587704831436334
        ],
        [
          0.4999999995891052,
          -0.8137976785461626,
          0.2961981327260236,
          11.847925309040953
        ],
        [
          0,
          0,
          0,
          1
        ]
      ],
      "camera_index": 8
    },
    {
      "file_path": "images/0009.png",
      "transform_matrix": [
        [
          0.50000000082179,
          0.8137976785461624,
          -0.2961981327260235,
          -11.84792530904095
        ],
        [
          -2.6071389699937696e-09,
          0.3420201522188935,
          0.9396926207859084,
          37.587704831436334
        ],
        [
          0.8660254033099777,
          -0.46984630877451994,
          0.17101007166283436,
          6.840402866513379
        ],
        [
          0,
          0,
          0,
          1
        ]
      ],
      "camera_index": 9
    },
    {
      "file_path": "images/0010.png",
      "transform_matrix": [
        [
          1.4233817608614628e-09,
          0.9396926175490392,
          -0.34202014332566844,
          -13.680805733026748
        ],
        [
          -3.91070848355662e-09,
          0.3420201522188935,
          0.9396926207859084,
          37.587704831436334
        ],
        [
          1.0,
          -2.21805715164126e-16,
          4.1885387376769887e-17,
          2.5131232426061948e-15
        ],
        [
          0,
          0,
          0,
          1
        ]
      ],
      "camera_index": 10
    },
    {
      "file_path": "images/0011.png",
      "transform_matrix": [
        [
          -0.4999999983564206,
          0.8137976785461627,
          -0.2961981327260236,
          -11.847925309040953
        ],
        [
          -5.214277883029743e-09,
          0.3420201522188935,
          0.9396926207859084,
          37.587704831436334
        ],
        [
          0.8660254047333595,
          0.4698463087745196,
          -0.17101007166283427,
          -6.840402866513375
        ],
        [
          0,
          0,
          0,
          1
        ]
      ],
      "camera_index": 11
    },
    {
      "file_path": "images/0012.png",
      "transform_matrix": [
        [
          -0.8660254025982869,
          0.46984630877451994,
          -0.17101007166283436,
          -6.840402866513379
        ],
        [
          -6.5178474154914586e-09,
          0.3420201522188934,
          0.9396926207859084,
          37.587704831436334
        ],
        [
          0.5000000020544746,
          0.8137976785461624,
          -0.2961981327260235,
          -11.84792530904095
        ],
        [
          0,
          0,
          0,
          1
        ]
      ],
      "camera_index": 12
    },
    {
      "file_path": "images/0013.png",
      "transform_matrix": [
        [
          -0.9999999999999998,
          3.866564783511747e-17,
          -7.871877887341988e-17,
          0.0
        ],
        [
          -1.1983105757135528e-08,
          0.6427876148649845,
          0.7660444431189782,
          30.641777724759123
        ],
        [
          1.0055019809685788e-08,
          0.7660444387737466,
          -0.6427876096865395,
          -25.71150438746157
        ],
        [
          0,
          0,
          0,
          1
        ]
      ],
      "camera_index": 13
    },
    {
      "file_path": "images/0014.png",
      "transform_matrix": [
        [
          -0.8660253995948469,
          -0.38302221938687325,
          0.3213938048432697,
          12.855752193730781
        ],
        [
          9.985921507533316e-09,
          0.6427876148649845,
          0.7660444431189782,
          30.641777724759123
        ],
        [
          -0.5000000072565853,
          0.6634139444058575,
          -0.5566703992264196,
          -22.266815969056776
        ],
        [
          0,
          0,
          0,
          1
        ]
      ],
      "camera_index": 14
    },
    {
      "file_path": "images/0015.png",
      "transform_matrix": [
        [
          -0.4999999941947316,
          -0.6634139444058574,
          0.5566703992264194,
          22.26681596905677
        ],
        [
          7.988737020480876e-09,
          0.6427876148649845,
          0.7660444431189782,
          30.641777724759123
        ],
        [
          -0.8660254071361115,
          0.3830222193868732,
          -0.3213938048432698,
          -12.855752193730787
        ],
        [
          0,
          0,
          0,
          1
        ]
      ],
      "camera_index": 15
    },
    {
      "file_path": "images/0016.png",
      "transform_matrix": [
        [
          5.0275097771668005e-09,
          -0.7660444387737464,
          0.6427876096865394,
          25.71150438746157
        ],
        [
          5.991552799383182e-09,
          0.6427876148649845,
          0.7660444431189782,
          30.641777724759123
        ],
        [
          -0.9999999999999998,
          2.757386885046939e-17,
          7.871877887341988e-17,
          -1.574375577468397e-15
        ],
        [
          0,
          0,
          0,
          1
        ]
      ],
      "camera_index": 16
    },
    {
      "file_path": "images/0017.png",
      "transform_matrix": [
        [
          0.5000000029026338,
          -0.6634139444058575,
          0.5566703992264196,
          22.266815969056776
        ],
        [
          3.994368474558558e-09,
          0.6427876148649845,
          0.7660444431189782,
          30.641777724759123
        ],
        [
          -0.866025402108602,
          -0.3830222193868731,
          0.3213938048432694,
          12.855752193730778
        ],
        [
          0,
          0,
          0,
          1
        ]
      ],
      "camera_index": 17
    },
    {
      "file_path": "images/0018.png",
      "transform_matrix": [
        [
          0.8660254046223568,
          -0.3830222193868731,
          0.32139380484326957,
          12.855752193730781
        ],
        [
          1.997184272961159e-09,
          0.6427876148649845,
          0.7660444431189782,
          30.641777724759123
        ],
        [
          -0.49999999854868266,
          -0.6634139444058574,
          0.5566703992264196,
          22.266815969056776
        ],
        [
          0,
          0,
          0,
          1
        ]
      ],
      "camera_index": 18
    },
    {
      "file_path": "images/0019.png",
      "transform_matrix": [
        [
          0.9999999999999999,
          -9.381338699488993e-17,
          7.871877887341988e-17,
          3.148751154936794e-15
        ],
        [
          4.671220495835033e-25,
          0.6427876148649845,
          0.7660444431189782,
          30.641777724759123
        ],
        [
          -1.2246467952277336e-16,
          -0.7660444387737465,
          0.6427876096865395,
          25.71150438746157
        ],
        [
          0,
          0,
          0,
          1
        ]
      ],
      "camera_index": 19
    },
    {
      "file_path": "images/0020.png",
      "transform_matrix": [
        [
          0.8660254046223567,
          0.3830222193868733,
          -0.3213938048432698,
          -12.855752193730787
        ],
        [
          -1.9971842729611595e-09,
          0.6427876148649845,
          0.7660444431189782,
          30.641777724759123
        ],
        [
          0.49999999854868293,
          -0.6634139444058573,
          0.5566703992264194,
          22.26681596905677
        ],
        [
          0,
          0,
          0,
          1
        ]
      ],
      "camera_index": 20
    },
    {
      "file_path": "images/0021.png",
      "transform_matrix": [
        [
          0.5000000029026346,
          0.6634139444058573,
          -0.5566703992264193,
          -22.266815969056765
        ],
        [
          -3.994368545922319e-09,
          0.6427876148649846,
          0.7660444431189782,
          30.641777724759123
        ],
        [
          0.8660254021086017,
          -0.38302221938687364,
          0.32139380484326996,
          12.855752193730796
        ],
        [
          0,
          0,
          0,
          1
        ]
      ],
      "camera_index": 21
    },
    {
      "file_path": "images/0022.png",
      "transform_matrix": [
        [
          5.0275101043842125e-09,
          0.7660444387737466,
          -0.6427876096865394,
          -25.71150438746157
        ],
        [
          -5.9915528974502635e-09,
          0.6427876148649845,
          0.7660444431189782,
          30.641777724759123
        ],
        [
          1.0,
          -1.6005290387600434e-16,
          7.871877887341988e-17,
          4.723126732405191e-15
        ],
        [
          0,
          0,
          0,
          1
        ]
      ],
      "camera_index": 22
    },
    {
      "file_path": "images/0023.png",
      "transform_matrix": [
        [
          -0.4999999941947316,
          0.6634139444058574,
          -0.5566703992264194,
          -22.26681596905677
        ],
        [
          -7.988737020480876e-09,
          0.6427876148649845,
          0.7660444431189782,
          30.641777724759123
        ],
        [
          0.8660254071361115,
          0.3830222193868732,
          -0.3213938048432698,
          -12.855752193730787
        ],
        [
          0,
          0,
          0,
          1
        ]
      ],
      "camera_index": 23
    },
    {
      "file_path": "images/0024.png",
      "transform_matrix": [
        [
          -0.8660253995948467,
          0.38302221938687364,
          -0.32139380484326996,
          -12.855752193730796
        ],
        [
          -9.985921400487678e-09,
          0.6427876148649845,
          0.7660444431189782,
          30.641777724759123
        ],
        [
          0.5000000072565858,
          0.6634139444058574,
          -0.5566703992264193,
          -22.266815969056765
        ],
        [
          0,
          0,
          0,
          1
        ]
      ],
      "camera_index": 24
    },
    {
      "file_path": "images/0025.png",
      "transform_matrix": [
        [
          -0.9999999999999997,
          8.775401954258686e-18,
          -1.0605752387249067e-16,
          0.0
        ],
        [
          -1.0537766290801141e-08,
          0.8660254058124324,
          0.5000000000000001,
          20.000000000000004
        ],
        [
          1.8251946802469227e-08,
          0.4999999964874114,
          -0.8660254037844385,
          -34.64101615137754
        ],
        [
          0,
          0,
          0,
          1
        ]
      ],
      "camera_index": 25
    },
    {
      "file_path": "images/0026.png",
      "transform_matrix": [
        [
          -0.8660253961794606,
          -0.2499999982437056,
          0.43301270189221913,
          17.32050807568877
        ],
        [
          8.781471952946106e-09,
          0.8660254058124325,
          0.5,
          20.000000000000004
        ],
        [
          -0.5000000131722078,
          0.4330126988502283,
          -0.75,
          -30.0
        ],
        [
          0,
          0,
          0,
          1
        ]
      ],
      "camera_index": 26
    },
    {
      "file_path": "images/0027.png",
      "transform_matrix": [
        [
          -0.49999998946223373,
          -0.43301269885022814,
          0.7499999999999997,
          29.999999999999996
        ],
        [
          7.025177451786531e-09,
          0.8660254058124325,
          0.5,
          20.000000000000004
        ],
        [
          -0.8660254098684205,
          0.2499999982437057,
          -0.43301270189221935,
          -17.320508075688778
        ],
        [
          0,
          0,
          0,
          1
        ]
      ],
      "camera_index": 27
    },
    {
      "file_path": "images/0028.png",
      "transform_matrix": [
        [
          9.125973219393077e-09,
          -0.4999999964874113,
          0.8660254037844384,
          34.64101615137754
        ],
        [
          5.268883075766817e-09,
          0.8660254058124325,
          0.5000000000000001,
          20.000000000000004
        ],
        [
          -0.9999999999999998,
          2.6228467855958016e-17,
          1.0605752387249067e-16,
          -2.1211504774498135e-15
        ],
        [
          0,
          0,
          0,
          1
        ]
      ],
      "camera_index": 28
    },
    {
      "file_path": "images/0029.png",
      "transform_matrix": [
        [
          0.500000005268883,
          -0.43301269885022836,
          0.7499999999999998,
          30.0
        ],
        [
          3.5125887859858484e-09,
          0.8660254058124325,
          0.5000000000000001,
          20.000000000000004
        ],
        [
          -0.8660254007424475,
          -0.24999999824370558,
          0.43301270189221913,
          17.320508075688764
        ],
        [
          0,
          0,
          0,
          1
        ]
      ],
      "camera_index": 29
    },
    {
      "file_path": "images/0030.png",
      "transform_matrix": [
        [
          0.866025405305434,
          -0.24999999824370553,
          0.4330127018922191,
          17.32050807568877
        ],
        [
          1.7562943569373747e-09,
          0.8660254058124326,
          0.5,
          20.000000000000004
        ],
        [
          -0.4999999973655582,
          -0.43301269885022825,
          0.75,
          30.0
        ],
        [
          0,
          0,
          0,
          1
        ]
      ],
      "camera_index": 30
    },
    {
      "file_path": "images/0031.png",
      "transform_matrix": [
        [
          0.9999999999999999,
          -6.123233952719961e-17,
          1.0605752387249067e-16,
          4.242300954899627e-15
        ],
        [
          4.1078023288889934e-25,
          0.8660254058124324,
          0.5000000000000001,
          20.000000000000004
        ],
        [
          -1.2246467920324306e-16,
          -0.4999999964874113,
          0.8660254037844385,
          34.64101615137754
        ],
        [
          0,
          0,
          0,
          1
        ]
      ],
      "camera_index": 31
    },
    {
      "file_path": "images/0032.png",
      "transform_matrix": [
        [
          0.8660254053054339,
          0.24999999824370567,
          -0.43301270189221935,
          -17.320508075688778
        ],
        [
          -1.7562943569373743e-09,
          0.8660254058124326,
          0.5,
          20.000000000000004
        ],
        [
          0.4999999973655585,
          -0.4330126988502282,
          0.7499999999999997,
          29.999999999999996
        ],
        [
          0,
          0,
          0,
          1
        ]
      ],
      "camera_index": 32
    },
    {
      "file_path": "images/0033.png",
      "transform_matrix": [
        [
          0.5000000052688834,
          0.43301269885022803,
          -0.7499999999999996,
          -29.99999999999999
        ],
        [
          -3.5125887379117812e-09,
          0.8660254058124325,
          0.5,
          20.000000000000004
        ],
        [
          0.866025400742447,
          -0.24999999824370583,
          0.4330127018922195,
          17.32050807568879
        ],
        [
          0,
          0,
          0,
          1
        ]
      ],
      "camera_index": 33
    },
    {
      "file_path": "images/0034.png",
      "transform_matrix": [
        [
          9.125973613692326e-09,
          0.4999999964874114,
          -0.8660254037844384,
          -34.64101615137754
        ],
        [
          -5.268883162005561e-09,
          0.8660254058124325,
          0.5000000000000001,
          20.000000000000004
        ],
        [
          1.0,
          -9.623621078511387e-17,
          1.0605752387249067e-16,
          6.363451432349441e-15
        ],
        [
          0,
          0,
          0,
          1
        ]
      ],
      "camera_index": 34
    },
    {
      "file_path": "images/0035.png",
      "transform_matrix": [
        [
          -0.49999998946223373,
          0.43301269885022814,
          -0.7499999999999997,
          -29.999999999999996
        ],
        [
          -7.025177451786531e-09,
          0.8660254058124325,
          0.5,
          20.000000000000004
        ],
        [
          0.8660254098684205,
          0.2499999982437057,
          -0.43301270189221935,
          -17.320508075688778
        ],
        [
          0,
          0,
          0,
          1
        ]
      ],
      "camera_index": 35
    },
    {
      "file_path": "images/0036.png",
      "transform_matrix": [
        [
          -0.8660253961794605,
          0.2499999982437059,
          -0.4330127018922195,
          -17.32050807568879
        ],
        [
          -8.781471832760936e-09,
          0.8660254058124326,
          0.5,
          20.000000000000004
        ],
        [
          0.5000000131722083,
          0.4330126988502282,
          -0.7499999999999996,
          -29.99999999999999
        ],
        [
          0,
          0,
          0,
          1
        ]
      ],
      "camera_index": 36
    },
    {
      "file_path": "images/0037.png",
      "transform_matrix": [
        [
          -0.9999999999999996,
          1.1198288414681633e-18,
          -1.18291797137867e-16,
          0.0
        ],
        [
          -6.083982193710415e-09,
          0.9659258268139518,
          0.2588190451025208,
          10.35276180410083
        ],
        [
          2.270573084778665e-08,
          0.2588190431436289,
          -0.9659258262890685,
          -38.63703305156273
        ],
        [
          0,
          0,
          0,
          1
        ]
      ],
      "camera_index": 37
    },
    {
      "file_path": "images/0038.png",
      "transform_matrix": [
        [
          -0.8660253943237172,
          -0.12940952157181443,
          0.48296291314453416,
          19.318516525781366
        ],
        [
          5.069985186220728e-09,
          0.9659258268139518,
          0.2588190451025208,
          10.35276180410083
        ],
        [
          -0.5000000163864495,
          0.2241438663455633,
          -0.8365163037378083,
          -33.46065214951232
        ],
        [
          0,
          0,
          0,
          1
        ]
      ],
      "camera_index": 38
    },
    {
      "file_path": "images/0039.png",
      "transform_matrix": [
        [
          -0.49999998689084035,
          -0.22414386634556327,
          0.8365163037378079,
          33.46065214951231
        ],
        [
          4.0559880605041536e-09,
          0.9659258268139519,
          0.2588190451025208,
          10.35276180410083
        ],
        [
          -0.8660254113530153,
          0.12940952157181448,
          -0.4829629131445344,
          -19.318516525781373
        ],
        [
          0,
          0,
          0,
          1
        ]
      ],
      "camera_index": 39
    },
    {
      "file_path": "images/0040.png",
      "transform_matrix": [
        [
          1.1352865212621103e-08,
          -0.2588190431436289,
          0.9659258262890684,
          38.63703305156273
        ],
        [
          3.041991056652142e-09,
          0.9659258268139519,
          0.2588190451025208,
          10.35276180410083
        ],
        [
          -0.9999999999999998,
          1.5288180796644428e-17,
          1.18291797137867e-16,
          -2.3658359427573396e-15
        ],
        [
          0,
          0,
          0,
          1
        ]
      ],
      "camera_index": 40
    },
    {
      "file_path": "images/0041.png",
      "transform_matrix": [
        [
          0.5000000065545797,
          -0.2241438663455633,
          0.836516303737808,
          33.46065214951232
        ],
        [
          2.027994077169274e-09,
          0.9659258268139519,
          0.2588190451025208,
          10.35276180410083
        ],
        [
          -0.8660254000001502,
          -0.12940952157181437,
          0.48296291314453416,
          19.31851652578136
        ],
        [
          0,
          0,
          0,
          1
        ]
      ],
      "camera_index": 41
    },
    {
      "file_path": "images/0042.png",
      "transform_matrix": [
        [
          0.8660254056765826,
          -0.12940952157181437,
          0.48296291314453416,
          19.318516525781366
        ],
        [
          1.0139970184772668e-09,
          0.9659258268139518,
          0.2588190451025208,
          10.35276180410083
        ],
        [
          -0.49999999672270984,
          -0.22414386634556321,
          0.8365163037378083,
          33.46065214951232
        ],
        [
          0,
          0,
          0,
          1
        ]
      ],
      "camera_index": 42
    },
    {
      "file_path": "images/0043.png",
      "transform_matrix": [
        [
          0.9999999999999999,
          -3.1696191274422577e-17,
          1.18291797137867e-16,
          4.731671885514679e-15
        ],
        [
          2.371640745473196e-25,
          0.9659258268139518,
          0.2588190451025208,
          10.35276180410083
        ],
        [
          -1.224646790296269e-16,
          -0.25881904314362886,
          0.9659258262890685,
          38.63703305156273
        ],
        [
          0,
          0,
          0,
          1
        ]
      ],
      "camera_index": 43
    },
    {
      "file_path": "images/0044.png",
      "transform_matrix": [
        [
          0.8660254056765825,
          0.12940952157181443,
          -0.4829629131445344,
          -19.318516525781373
        ],
        [
          -1.0139969916674394e-09,
          0.9659258268139518,
          0.2588190451025208,
          10.35276180410083
        ],
        [
          0.4999999967227101,
          -0.2241438663455632,
          0.8365163037378079,
          33.46065214951231
        ],
        [
          0,
          0,
          0,
          1
        ]
      ],
      "camera_index": 44
    },
    {
      "file_path": "images/0045.png",
      "transform_matrix": [
        [
          0.5000000065545802,
          0.22414386634556321,
          -0.8365163037378077,
          -33.46065214951231
        ],
        [
          -2.02799406376436e-09,
          0.9659258268139519,
          0.2588190451025208,
          10.35276180410083
        ],
        [
          0.8660254000001498,
          -0.12940952157181457,
          0.4829629131445346,
          19.318516525781387
        ],
        [
          0,
          0,
          0,
          1
        ]
      ],
      "camera_index": 45
    },
    {
      "file_path": "images/0046.png",
      "transform_matrix": [
        [
          1.135286564336913e-08,
          0.2588190431436289,
          -0.9659258262890684,
          -38.63703305156273
        ],
        [
          -3.0419911064421034e-09,
          0.9659258268139518,
          0.2588190451025208,
          10.35276180410083
        ],
        [
          0.9999999999999999,
          -4.8104200900050224e-17,
          1.18291797137867e-16,
          7.097507828272019e-15
        ],
        [
          0,
          0,
          0,
          1
        ]
      ],
      "camera_index": 46
    },
    {
      "file_path": "images/0047.png",
      "transform_matrix": [
        [
          -0.49999998689084035,
          0.22414386634556327,
          -0.8365163037378079,
          -33.46065214951231
        ],
        [
          -4.0559880605041536e-09,
          0.9659258268139519,
          0.2588190451025208,
          10.35276180410083
        ],
        [
          0.8660254113530153,
          0.12940952157181448,
          -0.4829629131445344,
          -19.318516525781373
        ],
        [
          0,
          0,
          0,
          1
        ]
      ],
      "camera_index": 47
    },
    {
      "file_path": "images/0048.png",
      "transform_matrix": [
        [
          -0.866025394323717,
          0.12940952157181457,
          -0.4829629131445346,
          -19.318516525781387
        ],
        [
          -5.069985119196159e-09,
          0.9659258268139518,
          0.2588190451025208,
          10.35276180410083
        ],
        [
          0.5000000163864499,
          0.22414386634556321,
          -0.8365163037378077,
          -33.460652149512306
        ],
        [
          0,
          0,
          0,
          1
        ]
      ],
      "camera_index": 48
    }
  ]
}